0.025572688
0.014127213
0.014012891
0.013017017
0.014233361
0.013532334
0.013513238
0.013183136
0.013312463
0.013305584
0.013684392
0.013516818
0.012829452
0.012894554
0.013011109
0.012579217
0.012481604
0.012884765
0.013228506
0.012574107
0.012798364
0.012583674
0.01381683
0.012374284
0.012398558
0.016159075
0.012646313
0.012125573
0.010685192
0.014032994
0.015068459
0.013523977
0.012085041
0.011819069
0.011846603
0.011684794
0.011590381
0.011844442
0.012580282
0.014169701
0.014164282
0.012173325
0.012107644
0.012810136
0.01222138
0.011936939
0.01168481
0.011015762
0.010623358
0.010156388
0.010244196
0.009520336
0.009077186
0.008736007
0.008610516
0.008348927
0.007895054
0.00785225
0.011773008
0.011121418
0.014168837
0.013300156
0.011759836
0.01055732
0.007107992
0.007089452
0.006809521
0.006490319
0.006486402
0.006718445
0.006995473
0.006559223
0.00791938
0.010737181
0.00695846
0.006752934
0.007146893
0.006765118
0.006739024
0.006650001
0.006974794
0.00714194
0.006722347
0.006837346
0.006761604
0.006849984
0.007536777
0.006800152
0.006864839
0.006858505
0.006971496
0.006986997
0.006979354
0.007426785
0.006972427
0.007012703
0.007000791
0.006833957
0.006981069
0.007041243
0.006899864
0.006898187
0.007261005
0.006943529
0.007029372
0.007001205
0.007014627
0.007263528
0.007404258
0.007050148
0.007052877
0.007462161
0.007606737
0.007019297
0.007177477
0.007243731
0.007077535
0.007169334
0.007188332
0.007498793
0.007310377
0.007090121
0.007174362
0.007214541
0.007179983
0.007170617
0.0071981
0.007355417
0.007358093
0.007387135
0.007092408
0.007848001
0.00784038
0.007039697
0.007315427
0.007315784
0.007619361
0.007427375
0.00743931
0.007300987
0.007184352
0.007331679
0.007352352
0.007230471
0.007394868
0.00727675
0.007209002
0.007717249
0.007262809
0.007353202
0.007527812
0.007158772
0.007342437
0.007546253
0.009088437
0.007377101
0.007670865
0.0073872
0.007159119
0.007391109
0.007260417
0.007340116
0.007407758
0.007354284
0.007647889
0.007211866
0.008114143
0.007745087
0.007712751
0.007397245
0.007614429
0.007462371
0.00742638
0.007497697
0.007513469
0.008829074
0.009375214
0.009710573
0.009518494
0.011686345
0.010018604
0.011833584
0.007966207
0.010543001
0.011557771
0.006932204
0.007378289
0.007620331
0.00736935
0.007480633
0.007707758
0.007460366
0.007792656
0.007438845
0.007590834
0.007674249
0.007511456
0.007360652
0.007468415
0.007734344
0.007400003
0.007396672
0.007782242
0.011211808
0.014144995
0.011112573
0.010948468
0.011503961
0.007420752
0.007738055
0.007654837
0.007625572
0.0074411
0.007442851
0.007738191
0.007389917
0.007541431
0.007506906
0.007563958
0.00748522
0.007894782
0.007597497
0.007939286
0.007476662
0.007867362
0.007755678
0.008413601
0.007525993
0.007681132
0.007632104
0.00766566
0.007955153
0.007869403
0.007511037
0.007618591
0.007771857
0.007467645
0.007492971
0.00765071
0.00758363
0.00748804
0.007769787
0.007644862
0.007540582
0.00796673
0.007514759
0.007564211
0.00756369
0.007594047
0.007563423
0.007620086
0.007440714
0.007711277
0.007582769
0.007552047
0.00756492
0.007595819
0.007548945
0.007771714
0.007774329
0.00786913
0.007723498
0.007558535
0.007952224
0.007555869
0.007783895
0.007630399
0.007751635
0.007660542
0.007610531
0.007673054
0.007684522
0.00773097
0.007648008
0.007610425
0.007680583
0.00760831
0.007810932
0.00763453
0.007755016
0.007704665
0.007670119
0.007686306
0.007681929
0.007738016
0.007697417
0.007640473
0.007871056
0.008194441
0.007814966
0.007779381
0.007893299
0.008300293
0.007774492
0.007721811
0.007741049
0.00769917
0.007649097
0.008166207
0.007900087
0.007803713
0.007715087
0.007752748
0.00807651
0.007698668
0.00774532
0.00855851
0.007910799
0.007708556
0.007799023
0.007825643
0.007863432
0.007943003
0.008897874
0.009534697
0.009131369
0.007896406
0.00805011
0.008101631
0.007660725
0.00773195
0.007752187
0.007791844
0.007719491
0.007780322
0.0076734
0.008097965
0.007753597
0.008354124
0.007879862
0.00777193
0.007846232
0.007906575
0.007652344
0.008699469
0.007544054
0.007918215
0.007793387
0.007820068
0.007917814
0.007892776
0.007943158
0.007844904
0.007876817
0.008073288
0.008114189
0.007715539
0.00785639
0.007892761
0.007772398
0.00791522
0.007875786
0.007758518
0.007942613
0.007878741
0.007848801
0.007863414
0.008003212
0.008097362
0.00815167
0.007822637
0.007834461
0.008262791
0.007805147
0.007924917
0.007954508
0.00785643
0.00801999
0.00782125
0.007847278
0.00795887
0.007865624
0.007935493
0.007905559
0.008154649
0.007949253
0.008158655
0.007868194
0.007889053
0.008062315
0.007916054
0.007907252
0.007906238
0.007947841
0.007842578
0.007961491
0.007826937
0.007965385
0.007845432
0.007845427
0.008246727
0.007888114
0.008177859
0.008256521
0.007853529
0.008054242
0.007877421
0.009426574
0.007959288
0.007937318
