0.010923461
0.012195066
0.011714004
0.011776374
0.011778388
0.011752883
0.011726279
0.011751964
0.011671339
0.011086035
0.010038742
0.010004287
0.00994919
0.010191983
0.010107191
0.010062419
0.01030262
0.010172126
0.010121927
0.010156264
0.008537656
0.008460629
0.008485301
0.008339431
0.008628288
0.008425074
0.008483163
0.008373214
0.009021554
0.008495499
0.008518915
0.008421449
0.008500172
0.00841462
0.00843394
0.0083526
0.008435169
0.008384824
0.008782646
0.008380357
0.008384811
0.008413779
0.008457918
0.008445552
0.00844021
0.009075176
0.008571352
0.00869153
0.008524472
0.008437938
0.00851133
0.008422613
0.009157187
0.008415521
0.008495536
0.008503979
0.008036651
0.007663619
0.00758803
0.007229391
0.007010487
0.00764169
0.006742255
0.006736014
0.007101783
0.007407003
0.007684114
0.007952458
0.007924397
0.008023747
0.008180184
0.008060117
0.008067396
0.008072756
0.008322804
0.008274782
0.008206204
0.008291304
0.008197755
0.013278227
0.011034334
0.009888861
0.010577243
0.008213158
0.008459762
0.008319647
0.008326891
0.008284468
0.008154484
0.008225374
0.008364281
0.008314054
0.008217706
0.008261587
0.008224749
0.008199832
0.008264957
0.008415359
0.008349966
0.008290325
0.00830075
0.008215224
0.008265282
0.008181087
0.008286405
0.008289886
0.008302626
0.008195635
0.00851366
0.008241327
0.008283049
0.008251603
0.008234753
0.008330191
0.008240759
0.008146493
0.008196233
0.008229524
0.008266305
0.008272803
0.008128892
0.008774903
0.008300514
0.008173499
0.008240539
0.008205783
0.008253218
0.00819867
0.008229897
0.008275015
0.008399345
0.008324617
0.01022452
0.016176794
0.009566932
0.011021011
0.012291384
0.013874108
0.010235542
0.00928893
0.008484857
0.008309774
0.008146621
0.008360376
0.008167712
0.008336765
0.008283447
0.008278408
0.008258492
0.008283665
0.008336208
0.008168056
0.008253628
0.008227137
0.008471891
0.008109295
0.008258965
0.00827674
0.008193019
0.008202889
0.008232346
0.008388262
0.008298446
0.008397165
0.008270222
0.008316947
0.00842428
0.008310169
0.008323871
0.008248557
0.008534332
0.008221691
0.008343569
0.008244587
0.008169874
0.008150344
0.008265673
0.008305524
0.008238202
0.008199128
0.00828524
0.00834089
0.008352474
0.008152017
0.008333326
0.0083504
0.008325271
0.008273877
0.008211235
0.008218378
0.008354251
0.008284595
0.008209192
0.008336567
0.008189901
0.008229641
0.00816844
0.008337815
0.008295179
0.008334786
0.0082227
0.008322463
0.008399239
0.008257793
0.008257027
0.008174604
0.008457531
0.008360964
0.00839655
0.008305845
0.008384774
0.008330997
0.008392916
0.008416032
0.008451322
0.008420274
0.008352013
0.008336265
0.008228763
0.008428982
0.008366146
0.008397082
0.00845137
0.008339435
0.00832573
0.008258074
0.008396862
0.008363384
0.008270093
0.00825505
0.008289226
0.008173368
0.008330039
0.008192119
0.008216195
0.008084487
0.008250279
0.008312227
0.008343555
0.009372139
0.008337737
0.00805422
0.008199973
0.008228168
0.008228225
0.008255563
0.008195683
0.008177365
0.008287468
0.008231144
0.008355197
0.008302303
0.008239667
0.008195088
0.00831486
0.008295351
0.008217915
0.008320727
0.008322498
0.008258745
0.014006219
0.011716331
0.009883346
0.007934515
0.008255045
0.008324379
0.008179487
0.008306593
0.00833066
0.008276823
0.00825913
0.008247588
0.008292355
0.008354871
0.008240496
0.008156354
0.008237307
0.008268348
0.008265047
0.008237786
0.008336808
0.008175656
0.008356972
0.008157219
0.008194977
0.008185249
0.008360854
0.008382024
0.008252529
0.008278564
0.008272207
0.008199125
0.008352187
0.008539589
0.008335513
0.008236915
0.008150643
0.008208589
0.00818023
0.008213413
0.008306793
0.008158105
0.008238038
0.008221405
0.008326894
0.008258991
0.008321696
0.00823106
0.008262043
0.008298381
0.008061872
0.008192997
0.008123629
0.008071209
0.008151912
0.008213827
0.008272123
0.008200361
0.008129256
0.008167689
0.008212217
0.008137923
0.008148944
0.008212596
0.008223567
0.008286577
0.008220201
0.008202481
0.00821071
0.008129427
0.008275258
0.008110829
0.008237024
0.008132014
0.008328377
0.008153782
0.008221732
0.009919437
0.00812894
0.008194768
0.008278792
0.008224059
0.008246428
0.008123516
0.008199532
0.008064259
0.00826169
0.008089115
0.008207108
0.008211744
0.00821506
0.008105977
0.008184779
0.00807194
0.008112721
0.008069341
0.00812907
0.008039378
0.008126156
0.009530483
0.008054562
0.008234392
0.008171601
0.008202803
0.008136224
0.008176448
0.008212775
0.008241243
0.008228092
0.008182613
0.008113415
0.008094523
0.008119226
0.008110194
0.007975755
0.008110656
0.008133741
0.008133382
0.008145193
0.00814735
0.008212651
0.008004219
0.008135267
0.008177941
0.008139532
0.008165852
0.008169479
0.008103023
0.008128667
0.008252763
0.0080927
0.008197264
0.008062248
0.007990446
0.008230685
0.00806949
0.007943432
0.008070311
0.008142864
0.00808074
