0.088391926
0.018692084
0.012719879
0.011779972
0.012379069
0.012381629
0.011794047
0.011638225
0.011456444
0.011344985
0.011397641
0.011076819
0.011017653
0.010996893
0.010947906
0.011001221
0.010996045
0.010901503
0.01109065
0.01089842
0.011061446
0.010935892
0.010961601
0.010951264
0.010931661
0.010844049
0.010880028
0.010871891
0.010912024
0.010824846
0.010922743
0.010892987
0.010838561
0.010845346
0.010927876
0.010872573
0.010939659
0.010860495
0.01091739
0.010944295
0.010968678
0.010926523
0.010879591
0.010920953
0.010813254
0.010837646
0.010891156
0.011034949
0.010803915
0.010834732
0.010961576
0.010910128
0.011933658
0.010839277
0.011045047
0.01088766
0.010875295
0.010877957
0.010913621
0.010951166
0.010894361
0.010772174
0.010930834
0.010857318
0.010913666
0.010865781
0.010806254
0.010893713
0.010938566
0.010868799
0.010917498
0.010784849
0.010873541
0.010851818
0.010791904
0.010849261
0.010880683
0.010951601
0.01077233
0.010923446
0.011021362
0.010800629
0.010993261
0.010897085
0.010792602
0.01096323
0.010926229
0.010771823
0.010864225
0.010798009
0.010944624
0.010988292
0.010849635
0.010966654
0.010869503
0.010954953
0.010924808
0.011035727
0.010952718
0.01101033
0.011092047
0.010867495
0.010874749
0.010869917
0.010812524
0.010799441
0.010936626
0.010800471
0.010982295
0.010942706
0.010926138
0.010873956
0.010947089
0.010909016
0.0108822
0.010911579
0.0109245
0.010786059
0.010851141
0.010942265
0.01102648
0.010958769
0.010945471
0.010912955
0.010859215
0.010867387
0.010951123
0.010904624
0.011004731
0.010964342
0.011026112
0.010975182
0.011033815
0.010921451
0.010946608
0.010824643
0.010910017
0.010870107
0.01093267
0.010860932
0.01111231
0.010907507
0.01093119
0.010978784
0.011889456
0.010851185
0.010953866
0.010920318
0.011198665
0.011237296
0.011019854
0.011007976
0.010935939
0.010886054
0.011052518
0.010945863
0.010978932
0.010971094
0.010871372
0.010954588
0.01142825
0.011034275
0.010983191
0.010996372
0.010952632
0.010908083
0.010987055
0.010907357
0.01089514
0.010928116
0.011080614
0.010874611
0.010985953
0.010923647
0.011036397
0.010956232
0.010885167
0.010916833
0.010966881
0.011031788
0.010923574
0.010907605
0.010934134
0.01094122
0.010928233
0.010937885
0.010939133
0.010962248
0.010916136
0.011178796
0.010983922
0.010986134
0.010979876
0.010932967
0.011019901
0.010918126
0.010969164
0.010977794
0.010931134
0.011134114
0.011094653
0.010943167
0.010988555
0.010963037
0.01102119
0.010943367
0.010963898
0.011007175
0.010976729
0.011173108
0.011063014
0.01107746
0.010968717
0.010927826
0.011049113
0.010937293
0.0109723
0.010981279
0.011078954
0.011204339
0.011164322
0.011052228
0.0109815
0.010963522
0.011001262
0.011025274
0.011012965
0.010965998
0.011054062
0.011126264
0.01105757
0.011030187
0.011097316
0.010998385
0.011102131
0.012047721
0.011001529
0.011056438
0.011013758
0.011175289
0.010991999
0.011037133
0.011021954
0.011076644
0.011066986
0.010990568
0.011071699
0.011097039
0.01105477
0.011502115
0.010952241
0.010990077
0.011034238
0.011007815
0.011064894
0.011076892
0.011058518
0.011046194
0.011003119
0.011063008
0.010957854
0.010996387
0.011011172
0.011082253
0.011044152
0.011038934
0.011018043
0.011036298
0.011119198
0.01115445
0.011060851
0.011026453
0.011058837
0.011015707
0.011063671
0.011045802
0.011038215
0.01097487
0.01117166
0.011218788
0.010992318
0.01100673
0.011068257
0.011073405
0.011075518
0.011034196
0.011012653
0.010959727
0.011128021
0.011112205
0.011066197
0.011105363
0.011068861
0.011057313
0.011065065
0.01104906
0.011066737
0.011065984
0.011439652
0.011151654
0.011075942
0.011056333
0.011068285
0.011056582
0.011074055
0.011033781
0.01107133
0.011121995
0.011254934
0.011227002
0.011031884
0.011091442
0.011104653
0.011072022
0.011126892
0.011201984
0.01105748
0.011049272
0.011208373
0.011386022
0.011170811
0.011076386
0.011186872
0.011077868
0.011118135
0.011075188
0.012210518
0.011140202
0.011245486
0.011093941
0.011162293
0.011201028
0.01107873
0.011067543
0.011156106
0.011169837
0.011180021
0.011159809
0.011438125
0.011058165
0.011225527
0.011178382
0.01122329
0.01112206
0.011212392
0.011192826
0.011206544
0.011070891
0.011702541
0.011060847
0.011145644
0.011173479
0.011114282
0.01114417
0.011166672
0.011198584
0.011066762
0.011161491
0.011492377
0.011302253
0.011131007
0.011204166
0.011195443
0.011103451
0.01116589
0.011073995
0.011262304
0.011055603
0.011584207
0.011079894
0.011197661
0.011117526
0.011188963
0.01126378
0.011158881
0.011116338
0.011067456
0.011247327
0.011456355
0.011404762
0.011191327
0.011193946
0.011202608
0.011188613
0.011122244
0.011120593
0.01131859
0.011211065
0.011487476
0.011212191
0.011296796
0.011232128
0.011259816
0.011250109
0.011148717
0.011204492
0.011260499
0.011168694
0.011474168
0.011224388
