0.072798515
0.026675453
0.026390099
0.026732374
0.02627919
0.026309213
0.026354815
0.026566584
0.026379452
0.026355056
0.03073912
0.026429291
0.02625304
0.026278553
0.026228311
0.02642905
0.026225175
0.026350701
0.026468753
0.026354439
0.026529727
0.026327887
0.026385316
0.026446355
0.02626548
0.026288137
0.026282625
0.026380951
0.028180267
0.026350881
0.026239767
0.026232016
0.026483998
0.026308445
0.026325999
0.026372318
0.026652778
0.026744754
0.026719254
0.026820871
0.027621648
0.027144471
0.026453316
0.026485378
0.026453785
0.02690412
0.026599958
0.026452704
0.026372907
0.026646501
0.026457827
0.026783186
0.026728642
0.026870147
0.027293316
0.026795988
0.026339956
0.026311211
0.026367502
0.026321839
0.026360934
0.026555415
0.026996516
0.026427619
0.026453515
0.026315666
0.028344107
0.026387923
0.026349649
0.026481065
0.026622494
0.02626848
0.02633287
0.026338769
0.026540781
0.026353157
0.026769773
0.026406524
0.02661466
0.026326044
0.026577731
0.026399897
0.026680782
0.026341527
0.026559694
0.026519644
0.026411486
0.026516368
0.026408923
0.026389812
0.026379933
0.026380299
0.026281654
0.02630037
0.026317121
0.026414988
0.026337797
0.026327054
0.026268724
0.026542377
0.026395591
0.026473466
0.026378587
0.026650796
0.028651001
0.026466824
0.026441046
0.026741422
0.026413539
0.026392916
0.026350448
0.026710797
0.02622757
0.026301855
0.026337134
0.026291578
0.026774311
0.026309753
0.026278175
0.026376851
0.026558532
0.026511201
0.026462991
0.026373326
0.02640146
0.026433956
0.026469952
0.026338224
0.026446267
0.026324835
0.026471433
0.026442937
0.026742515
0.026284486
0.02636
0.026307614
0.026745685
0.026346255
0.026410572
0.026369816
0.026683906
0.026532341
0.028335877
0.026500749
0.026625856
0.026618718
0.026447582
0.026400686
0.026550454
0.026679653
0.026473674
0.026341558
0.026441894
0.026760272
0.026412702
0.026392966
0.026370716
0.026614589
0.026418094
0.02634304
0.026585144
0.026750811
0.026460274
0.026502411
0.026495794
0.026754777
0.026495989
0.02650827
0.026494437
0.026568087
0.026610292
0.026388178
0.026411894
0.02646358
0.02655484
0.026599406
0.026501889
0.031286869
0.026368394
0.028814775
0.026476025
0.026674896
0.026682653
0.026611009
0.026561025
0.026501479
0.026707365
0.026456689
0.026557109
0.026516693
0.02661801
0.026427832
0.026530185
0.026397232
0.026711373
0.026529036
0.02652619
0.026592973
0.026997735
0.026519586
0.026507521
0.0266334
0.026880946
0.026602961
0.026646583
0.026545446
0.026654081
0.026648067
0.026579255
0.026514639
0.026647202
0.026641016
0.02656655
0.026548441
0.026511313
0.026819567
0.026549432
0.028338643
0.026643012
0.026780271
0.026788781
0.026691867
0.026645529
0.027461361
0.026928796
0.027067431
0.026984376
0.027297286
0.026617611
0.026582951
0.026619195
0.026748441
0.026686549
0.02665164
0.026564549
0.026685097
0.026823582
0.026594895
0.026582584
0.026630165
0.026733373
0.026739792
0.026744621
0.026682116
0.026880383
0.026575158
0.026629973
0.026762742
0.027144192
0.026585706
0.026720481
0.026571672
0.026584668
0.026936863
0.026621077
0.028602138
0.02673406
0.026749473
0.026732299
0.026732752
0.026808646
0.026834113
0.026729209
0.026868884
0.027082929
0.027469606
0.026857907
0.026804882
0.026654575
0.026973401
0.026656006
0.026618212
0.026691201
0.026786224
0.026695506
0.026691193
0.026733774
0.026815506
0.026624509
0.026615452
0.026726349
0.026898681
0.026699562
0.026695538
0.026766534
0.02689728
0.026736142
0.026753164
0.026760977
0.026723882
0.026979193
0.026726231
0.028510832
0.02671597
0.026820041
0.026706211
0.0267212
0.0266724
0.026796246
0.026728957
0.026746605
0.026672891
0.027052167
0.026757012
0.026788192
0.026690054
0.026996312
0.026836699
0.026685306
0.026789368
0.027212025
0.026808457
0.026708439
0.026729344
0.026979124
0.026748416
0.026670297
0.026710212
0.026917854
0.026721153
0.026746336
0.026767915
0.026918085
0.026813623
0.026777486
0.026748516
0.027093487
0.026785786
0.026832317
0.028662595
0.027343278
0.026739465
0.026799899
0.030537366
0.027038128
0.026860197
0.026902799
0.026746147
0.026718836
0.027281645
0.02683009
0.026780898
0.026804662
0.027313841
0.026823363
0.026865884
0.026862096
0.026937483
0.026927364
0.026735229
0.026763698
0.026918119
0.026690708
0.026789163
0.026796782
0.026834461
0.026931375
0.026782529
0.026722524
0.026847292
0.02784313
0.026826858
0.026905014
0.026764688
0.026954354
0.026762097
0.026892892
0.028688243
0.027086474
0.026799387
0.026774188
0.026719283
0.027194312
0.026940509
0.026862102
0.026826219
0.026861798
0.027419323
0.026792465
0.02684352
0.026928307
0.027290597
0.026864315
0.026893049
0.026892268
0.027332153
0.026869195
0.026851381
0.026847387
0.027012697
0.02685381
0.026793164
0.026821118
0.026914761
0.027346804
0.026864191
0.026892693
0.026781364
0.026998221
0.026809212
