0.018667075
0.018400948
0.01857227
0.018526895
0.018388286
0.01839935
0.018899879
0.018805506
0.018484769
0.018420864
0.018667442
0.018745349
0.019023176
0.018542319
0.018610221
0.018514572
0.018424714
0.018438807
0.019725146
0.018963034
0.018029194
0.018033265
0.017973903
0.017996308
0.017916911
0.018917457
0.018474062
0.018052653
0.017904798
0.018101552
0.017929589
0.018106054
0.019019944
0.018639916
0.01815604
0.018090797
0.017999884
0.018100593
0.01808868
0.018825946
0.018357816
0.018184557
0.018070402
0.018209945
0.018093106
0.01881887
0.018924876
0.019319649
0.018411383
0.018458452
0.018024961
0.018210369
0.018128328
0.018134078
0.019216826
0.018404677
0.018815708
0.018247716
0.018190124
0.018095264
0.018201619
0.018182855
0.01806685
0.018746307
0.018340241
0.018188521
0.018164859
0.018181841
0.01805783
0.018175403
0.01830336
0.018150027
0.018356396
0.018188985
0.018127403
0.018231425
0.018712586
0.01929456
0.018414796
0.018186928
0.018171166
0.018241506
0.018073423
0.018238452
0.019506081
0.018312671
0.018063003
0.018280631
0.018285004
0.018279138
0.018123942
0.019083846
0.018111785
0.018313548
0.018251165
0.018227519
0.018117469
0.01835508
0.018364489
0.018169282
0.018348762
0.018266367
0.018309433
0.018436045
0.018133946
0.018468238
0.018197073
0.018245955
0.018233056
0.018903916
0.028904809
0.027847869
0.01824907
0.018312015
0.019467325
0.025224677
0.018049253
0.018271515
0.020120647
0.018413663
0.018630017
0.018265538
0.018224371
0.018272075
0.018230407
0.018321002
0.018623542
0.018282785
0.018271394
0.018294942
0.018274382
0.01831705
0.01825178
0.018331216
0.0182976
0.018389883
0.018399835
0.018398824
0.018294873
0.018296664
0.018418381
0.018258491
0.018321061
0.018395687
0.018389769
0.018271588
0.018402385
0.018277698
0.018231425
0.018307353
0.018315649
0.018406697
0.018350236
0.018309831
0.018246783
0.018295794
0.018479971
0.018294925
0.018229689
0.018286817
0.018351892
0.018306017
0.018396819
0.018318493
0.018213572
0.018308134
0.018357304
0.018217766
0.018490444
0.018277947
0.018282223
0.018344759
0.018261948
0.020407587
0.018351944
0.018342686
0.018254828
0.018348284
0.018284736
0.018382009
0.018486662
0.018389821
0.01831936
0.018397235
0.018418431
0.018432635
0.018195195
0.018340436
0.018284536
0.018314318
0.018227209
0.01848581
0.01825535
0.018348769
0.0183386
0.018439134
0.018362627
0.018578569
0.018477238
0.01832856
0.018468459
0.018566724
0.018356491
0.018598608
0.018318193
0.018339837
0.018360198
0.01844393
0.018252853
0.018475665
0.018298108
0.018455274
0.018409999
0.018341016
0.01832929
0.018467622
0.018352138
0.018323796
0.018293878
0.018416806
0.018574658
0.018370025
0.018450193
0.018454012
0.018299382
0.018431159
0.018420492
0.020356141
0.018472019
0.018354747
0.018315974
0.018538352
0.018523368
0.018474155
0.01844084
0.018473004
0.018353513
0.018440826
0.0185903
0.018409472
0.018461186
0.018420749
0.018359351
0.018409971
0.018440046
0.018511791
0.018313256
0.018420002
0.018518928
0.018409111
0.01844633
0.018550436
0.01847433
0.018487328
0.018374539
0.018648824
0.018324992
0.018383903
0.018408721
0.018589594
0.018587992
0.018645644
0.01834635
0.018461455
0.018475373
0.018399326
0.018581937
0.018610016
0.018399071
0.018502726
0.018521559
0.018518394
0.018398548
0.018612545
0.018429781
0.018632377
0.018425399
0.018671933
0.018422477
0.018569639
0.018455141
0.018445384
0.020373672
0.018502737
0.018547779
0.018473657
0.018415869
0.018461255
0.018502063
0.018466581
0.018671399
0.018544778
0.018473116
0.018581945
0.018447498
0.018558112
0.018574299
0.01848423
0.018617123
0.018481363
0.018553473
0.0185159
0.018764167
0.018595871
0.018466447
0.01850697
0.018338295
0.018609704
0.018563464
0.01846024
0.018421278
0.018513849
0.018468862
0.018604777
0.018623667
0.018569904
0.018470259
0.01844909
0.01852714
0.018480507
0.018616537
0.018498432
0.01858623
0.018610494
0.018484287
0.01874627
0.018499768
0.018582597
0.018540047
0.018510473
0.018448126
0.019109203
0.018537326
0.018501307
0.018430738
0.01855853
0.020455028
0.018765897
0.018463458
0.018655384
0.018570811
0.018532792
0.018471144
0.018943052
0.018425708
0.018589524
0.018497628
0.018517686
0.018555241
0.018586935
0.018539096
0.018582295
0.018529756
0.018592787
0.018520912
0.018711058
0.018782663
0.018613138
0.018580808
0.018635398
0.018778116
0.018549455
0.018575039
0.018912978
0.018538012
0.018666152
0.018657511
0.018783859
0.018648338
0.018579652
0.018558503
0.018593991
0.018872969
0.018625204
0.018548918
0.018603103
0.018530098
0.018556168
0.018661433
0.01870172
0.018588034
0.018625706
0.018537675
0.018656907
0.018613114
0.018702594
0.018497814
0.018723597
0.01850281
0.018710313
0.020807486
0.018677165
0.018598708
0.018591135
0.018589732
0.018953299
0.018632201
0.018650514
0.018580037
0.018579833
