0.0375181
0.027025083
0.027443905
0.027673633
0.027178616
0.027127067
0.027775951
0.027188271
0.027555203
0.027276797
0.027678994
0.027505768
0.028164371
0.027356869
0.027532512
0.027205237
0.027282891
0.027413724
0.0275594
0.027066507
0.026527285
0.02647013
0.026492098
0.026534033
0.028338731
0.027350681
0.027995665
0.027012129
0.026433422
0.026398293
0.026363086
0.027388447
0.027778224
0.026428835
0.026371758
0.026387877
0.026368978
0.026927852
0.026408591
0.026378675
0.02632346
0.026343453
0.027280216
0.026364221
0.02633327
0.026347881
0.027258367
0.026563322
0.026373345
0.026403665
0.026325403
0.027075845
0.026440792
0.026348245
0.026482801
0.026358232
0.028214839
0.026620654
0.026375656
0.026352565
0.026301095
0.027061103
0.02640945
0.026365718
0.026383315
0.026397809
0.028511064
0.028031096
0.026606209
0.026403743
0.026377377
0.02657048
0.028283156
0.026664337
0.026371033
0.026463321
0.02646408
0.02817078
0.027999809
0.028029207
0.027815773
0.027925994
0.02824139
0.02787031
0.027857709
0.027989266
0.027870784
0.027988292
0.027858177
0.027912536
0.028153251
0.028090166
0.028007482
0.028075737
0.028265528
0.032419791
0.027869087
0.028012849
0.028071582
0.028001654
0.02796715
0.02805521
0.028018079
0.027956892
0.02794956
0.027995336
0.028075957
0.028008888
0.027958571
0.027992404
0.028042746
0.028006298
0.027977389
0.028023581
0.028197843
0.028012839
0.02797308
0.027902003
0.027987831
0.027998463
0.027905014
0.027912125
0.028220403
0.028001627
0.027982044
0.028126769
0.027919215
0.029717287
0.027950583
0.028346566
0.028295122
0.028001599
0.028123329
0.027922273
0.028220065
0.028041195
0.028056457
0.028113919
0.028098559
0.028026622
0.027982326
0.028048518
0.028095243
0.027919052
0.028036402
0.027964103
0.028165758
0.02802916
0.028112459
0.028017151
0.028100125
0.027972159
0.027925445
0.027993539
0.028119773
0.028068556
0.027967864
0.028067456
0.02860357
0.028518643
0.028336473
0.028460172
0.028078556
0.029993269
0.028036627
0.028235024
0.028001478
0.027982449
0.027997524
0.028441606
0.028002382
0.028090969
0.027954024
0.028322854
0.028052092
0.028010427
0.027966083
0.02822064
0.028132584
0.028042924
0.027959002
0.028034949
0.028025395
0.028068048
0.028053877
0.028131185
0.028076382
0.027984071
0.02835097
0.028115383
0.027987724
0.027955132
0.028162262
0.027988112
0.028015797
0.027984447
0.028926578
0.028257947
0.029879068
0.028187272
0.028238055
0.028179186
0.028039508
0.028016414
0.028066136
0.028163761
0.028044408
0.028013933
0.027965147
0.028097596
0.028041297
0.028020894
0.028026423
0.028090875
0.028052165
0.027923081
0.028411817
0.028133137
0.028042778
0.027999184
0.028020824
0.02893716
0.028031146
0.027952508
0.028019645
0.02839302
0.028113273
0.027987105
0.028052287
0.028355766
0.028024299
0.028019993
0.028006077
0.028498083
0.030212867
0.032553342
0.028121758
0.028728584
0.028147024
0.028085623
0.02806596
0.028417893
0.028310225
0.028149504
0.028101329
0.028106454
0.028758932
0.028188257
0.028118366
0.028167826
0.028490861
0.028095666
0.028105794
0.028098847
0.028481535
0.028231735
0.028107212
0.028237531
0.028620792
0.028124247
0.028070445
0.028120538
0.028708892
0.029844056
0.029967355
0.029627551
0.029566655
0.029427716
0.028691982
0.029898331
0.028068762
0.028156124
0.028711994
0.029191489
0.028127953
0.028198997
0.028080557
0.028493826
0.030001133
0.029532611
0.028674881
0.028214541
0.02818782
0.028096558
0.028277951
0.02976479
0.030296519
0.029357135
0.029105694
0.029697744
0.029418529
0.029793791
0.029413344
0.030052705
0.029324644
0.029614642
0.030168648
0.029114739
0.029444607
0.03000428
0.029346259
0.029602118
0.028731367
0.031764881
0.029159734
0.028635093
0.028134372
0.028130583
0.028125467
0.028750884
0.028110837
0.028097034
0.02814814
0.028598029
0.029961963
0.029429606
0.029175843
0.029814025
0.028511773
0.028181585
0.028159041
0.028191628
0.029219144
0.029632556
0.028730111
0.028478859
0.028209485
0.028122878
0.028809652
0.028408364
0.028223766
0.028160682
0.028134678
0.029500257
0.029771205
0.028413982
0.028115505
0.028268549
0.029957791
0.028652421
0.028113334
0.028168911
0.02818093
0.028576051
0.02926646
0.029948383
0.029627415
0.028752315
0.02822609
0.028184579
0.028153664
0.028801777
0.028341429
0.028311056
0.028266825
0.02853696
0.029808527
0.029032796
0.028527249
0.028253864
0.028235466
0.028334941
0.02964521
0.029809037
0.028871248
0.02847872
0.028244556
0.028392547
0.028402909
0.033923534
0.028086499
0.028303806
0.028462188
0.030671359
0.029944749
0.030168836
0.028428898
0.028370722
0.028221259
0.028368169
0.028464075
0.02979904
0.02999521
0.030068554
0.029568193
0.029773404
0.029961411
0.028975567
0.028501515
0.028295567
0.028412628
0.028760033
0.030178736
0.0300206
0.029645661
0.028496989
0.028379233
0.028386387
0.028561766
0.029847483
